4033
856
5558
754
43
25
5776
3175
6939
15833
2422
92
4774
13770
84
22052
52596
18
284
7
2437
2090
23
156061
141
1921
748
15
122
2274
68918
143
322
27219
83990
10495
11
780
2176
1754
892
0
1189
16
9882
29071
8964
889
439
39
1733
210
18
5880
176782
661
0
171324
4263
2710
21
967
2042
641
94
151
1830
3213
1801
62939
13645
106220
2679
22760
16454
218268
498
15663
522
4975
649
10874
862
7623
931
19
930
809
199
64
82
1444
3877
193
56
6589
790
692
490
8
332
33460
4867
96
42
324
5910
87
16
110
42581
1494
16
815
4151
8099
3224
29465
8282
8
689
65015
10610
15651
27406
21331
15131
198676
280
15
18
17
637
208
37136
1634
10032
11
291
22460
1455
1454
997
9420
120
223578
847
1164
10
25921
30251
47
440
612
509
3004
153
116
1032
137115
1291100
116
14710
17417
216525
702
2349
402
288
6
34
252
35
4024973
