115
31
494
48
2
3
300
44
97
615
31
11
8
214
7
126
8581
2
2
0
114
102
1
10656
1
90
48
1
0
108
4823
0
31
304
4637
445
1
6
87
74
15
0
3
0
385
1717
514
17
4
0
60
5
0
265
26313
8
0
7549
22
151
0
24
11
3
10
12
108
405
10
2109
959
6589
107
1446
247
30395
9
607
9
31
30
256
28
49
12
0
18
26
20
3
1
49
101
0
3
108
3
37
5
1
10
3353
161
4
0
8
186
0
0
0
5441
21
5
45
128
219
17
639
237
0
10
1814
704
785
1126
13
939
1827
0
0
0
0
41
5
239
17
215
0
18
20
26
101
48
186
0
26478
9
64
1
3220
1830
3
6
20
21
56
10
8
45
3739
77489
0
376
185
31662
18
10
10
0
0
7
7
4
279321
