502
627
2546
545
13
19
1728
1267
6162
13928
1620
37
2055
2414
57
6050
13411
16
62
5
258
1059
12
61685
132
422
569
7
120
1232
31262
10
53
12667
79127
2569
0
480
1726
1140
401
0
834
14
2584
3433
2002
293
13
37
747
97
14
4000
56148
110
0
143300
378
1374
13
104
698
25
35
17
195
904
1773
19358
2607
85064
1702
17110
11376
103031
78
5906
387
1776
207
9610
622
2622
658
13
464
234
79
24
55
828
3550
101
14
4929
29
298
427
6
320
21824
1925
82
14
274
2461
34
10
31
149
1371
7
617
745
32
1068
8023
4501
8
155
20246
1842
5437
2499
2449
6912
31916
140
14
17
9
126
4
10144
643
2732
8
58
2296
919
255
110
3983
2
133952
260
119
9
4971
26400
29
361
0
183
2787
87
104
660
89480
198993
55
2909
4295
1001
513
1846
190
241
5
1
112
9
1375949
